95730562
54607780
93916252
2171183
42484462
75285147
49150763
93109187
27619479
51672977
12316761
93671614
82428657
78263851
35020685
92236076
34651201
667661
70117655
35889962
60448292
31420088
10056332
98753548
74292091
82508066
35824634
13660860
1904828
46304308
66903255
89531362
20132404
26492364
40308526
16865025
72985036
83393415
3102387
87134374
91787339
50903015
41066960
48506232
51239051
94174071
57495893
54959706
32088890
32167653
69593096
63917292
38999367
31988340
88562887
16176354
39787090
97256640
33049777
84619063
83085980
97349562
94756203
18322505
20189870
59436036
2204205
12193758
8271069
49372849
92694332
68411860
25470248
83964976
87323316
43879519
8092204
65703603
38424161
70503271
36359124
41814124
53193745
50005099
87743504
93346958
25269444
88115029
66033079
66606447
76903648
36696105
62228845
30135228
58839986
87186487
63856050
969441
1448214
85243861
37022543
8117831
90967097
61144080
97557815
42233720
30969889
15172271
87952974
65965880
44830660
72586398
68305646
84954095
59099549
26898435
86327157
67196524
30078053
11515065
48771488
27598896
20059296
55177245
38739612
81576624
60639007
84128983
12255924
62558157
66611300
35767993
35958745
75908473
97670989
10223057
42449880
98096253
91437002
60188450
3520093
60710532
35595531
68567381
45278176
57201856
88535708
8931197
99281492
94151208
59136699
29707005
10347156
35597334
43199426
36337731
91202874
10454298
55596224
57458675
50832270
52833444
53258662
22858082
99257943
62496548
40573317
47456132
96514451
17118100
18042213
41724964
50644667
16754608
6878959
89828570
91039817
70949947
89081208
81749520
46289800
98751461
16632502
58729498
59397689
14439595
40238183
5985099
43495977
17408428
6508632
20494981
2611830
69083436
65631253
30452495
60486415
21629485
14370545
37886866
12253305
40388351
29826288
27618884
70922607
32339213
8271950
6637708
45513524
15104183
42728249
98343655
588329
12386008
74152730
1365757
72628294
99766641
91298710
87407542
94053703
37108661
7439440
80071696
75906335
81026540
90324859
46501516
4946014
94734116
57328586
53602578
27136558
71953625
88700475
3354830
73466968
78711470
38196711
74566008
88064054
61006539
81740740
33342009
5135978
87953869
64736774
30148194
59239406
2621988
80662215
43034079
56498196
18358686
2665797
1731302
14737007
95557962
3231162
48328489
27134896
49433579
6840281
53068138
88874201
19686394
9961503
83882318
23078269
30739836
24113346
20754898
69175276
58365814
62377247
52252648
42282298
174044
43786642
65851423
30672050
50623788
58059858
12447372
19027684
43523796
26073803
68901682
53950939
47727083
14723781
24220881
76284540
20233888
67417794
62740169
62371312
6855457
67521520
41291865
20671512
91912023
40946955
41550899
5753748
8554199
56411782
76826660
33039196
37694183
81028800
5727670
36078545
77489047
32981603
33852983
22915744
41209201
17658499
72705454
50977862
6401122
11190115
92842317
3318272
71638723
54060902
36206917
5710526
71038460
68545029
5996016
25766370
81815348
62791621
16347158
96823586
17824237
91050196
44843388
90514004
10623589
19451527
77973891
30838115
26330954
96656460
24078350
37224674
2328568
98436038
60444913
29732422
30439745
24017605
46418639
95816334
44487105
52870432
20889791
52519780
40533256
92070894
18366729
10429547
3497309
26112853
84493045
11123733
10035150
74590782
22539736
76419182
78708033
62168298
65606220
21234336
67702530
55197955
37961846
70009980
33135462
34635379
36968210
52056805
57559599
50908
92115186
82274951
3387908
61325598
18162710
82644806
64076718
15178359
36684411
59892848
91949054
50440255
27725097
68439125
67725427
75155850
52981382
1825977
35794244
88862132
75962702
41880159
16632922
9252636
52152841
41326699
65246496
4152771
29576704
59423770
90447399
45540153
15902410
20231372
83284309
49251856
4818157
2793525
61160441
8969966
98024814
82604640
99917985
91466161
46338115
23150830
78851949
30882287
21552973
6467758
62889141
32163278
60204227
12339684
38114574
29880584
65742753
21159890
81125302
48855219
95473588
80178450
32132128
6845169
85547284
79310914
31874114
43877989
55254719
27952645
90019941
26738326
97782121
78848498
24095702
56888384
57422858
95054226
99265510
96364403
96605739
22197305
23941211
43146835
22520556
18560328
25674835
80817809
89215998
68594013
62193394
27330982
49315912
3221992
10703846
62725895
51480579
28422252
69093166
44863905
22884185
90895868
22839558
77013131
17825644
9900997
46606532
52251076
80966021
72037484
1780129
35640027
11568565
69759969
56493092
80086578
96973054
66411815
12078027
48266307
28124186
71206830
11418767
81797015
10666249
94109139
24398252
60045206
1335950
48112456
69758193
58224139
66883727
62249049
86521588
76975808
79852080
1204610
52357514
94097081
33711189
87384204
33203496
59818063
72647569
11288774
69407574
84234890
48912940
58246075
95948034
50900483
98173816
10059100
52253372
86426379
20488862
12279357
61943784
26660417
43051553
35809573
41116940
54882872
65326842
92160204
8425147
52843628
54965804
75695133
56504604
95643532
38889960
96395615
82963256
25070730
11271562
83892229
24844048
98771923
82737188
98273306
32466547
82827811
63765562
50518585
47986097
17694812
29644558
1969467
20414713
15814520
66635773
10992751
98011202
2412533
56600669
58007132
45442499
58687599
14468897
64997416
68671327
85335143
97132114
16574166
17225936
66377884
50789890
89674393
98802791
83396876
84725400
24176096
92385789
5116355
18918539
44210291
49640323
42111342
99708765
84827531
10918544
51243856
10418274
88329425
15993014
66249632
21775012
36255179
82040286
31244840
3895283
85165228
82117498
44828972
54361061
98937479
87577147
25535867
70173575
93112796
25073329
24607267
80461156
69552215
56222998
37928327
88934999
63516566
61001585
55932928
3508752
4739373
42908365
74780017
68333569
37069828
47955539
7946324
83149698
76853714
64699971
69351364
97782968
66663059
58604477
29910392
49087190
73720056
28301953
18865138
67491733
88015531
21518280
60885251
97852754
99530283
85007457
12861919
6814683
29862570
19863545
20822871
46208384
99146361
14472176
69277101
54449445
29124214
88330919
65782904
25116804
39497516
10193475
94650720
33507199
67733049
60922601
15224571
88792140
54783123
84858413
99110721
2517997
85377282
88636802
66351286
45366990
98047288
36567899
45043785
19735241
15408507
81055565
59715558
84766944
99270485
67410765
51798371
6230820
73844653
30329069
53488567
6330553
80201680
36652693
18013800
9607958
5757232
65111388
35112564
258299
63544167
9382031
58646856
71460180
74297195
20524452
35180948
26082892
58298845
84207044
43217203
62850532
45210611
87770999
33338454
3951383
84217545
9416302
5699175
97017663
45520703
50099865
67990034
77103389
70104320
31997790
85322510
85765402
86189799
2404075
3430623
92660920
98483091
63845293
9251908
54706891
69038445
93986415
92944678
77262102
47181218
26128033
92946718
34128335
45764730
82266735
49261244
62112014
87989903
68091906
63051940
4760078
88149412
73944788
73870605
75884972
82198390
62830311
8737316
67749499
19107969
64414374
11450230
36131942
36867538
56807076
49310667
40221926
18313057
12374187
12967855
18569109
43223610
77711735
49950567
91548876
74243985
55706452
8452515
49360514
65231417
71868543
92300269
14125402
39955082
18277402
26986467
70681218
41432781
20048206
41362744
4111936
69543583
65798603
63678662
34393903
58406984
30110190
69144128
27118638
6428420
40371715
24194248
4608268
14356894
38487890
32363376
83163480
26291416
95013961
81166717
38427576
38858554
47932982
24585479
95444946
35546058
49509965
67598496
14801994
16034732
29939685
17328510
71426162
32392626
79691944
66872973
70559801
92432496
739351
65402658
27863774
20239179
78869727
58918679
73425878
77227400
25433779
16005451
49737076
57019148
8701842
88236000
38472256
38205967
31691141
77601234
83549298
69309141
58109156
71169388
36114207
25807374
56903986
50534219
43471318
21797478
77765814
84653192
53661997
2823564
87053318
63570226
28752263
10041041
98313778
40870788
58333309
96259682
29825074
33240726
36977480
6563351
75307401
9033058
55354126
7249195
65503313
71991588
82933385
8448705
93068562
90431317
65721577
89492444
46551893
25551328
17045523
71722864
82360079
65518570
88399283
19854250
89077223
48595612
98172428
18114699
13172688
14673619
72009642
78914123
15105146
10723527
19730303
43981405
43230803
91683505
63548480
53285583
41788205
15976500
81526008
47002522
81234899
59518429
12883883
34280984
328772
42276084
37418010
60951309
15574174
68256409
29231094
10674965
17530894
75641970
90352888
55899911
78073146
76873098
9706267
95124110
54175620
69157023
40808170
1673054
9006336
1604366
98551242
70100505
76729172
9127335
99056466
91615825
56481367
95165037
87066879
58656596
30932590
69034872
95326717
51341788
55447108
36107890
96737238
21805353
43476289
61760906
33402012
64894256
6287230
439275
15759010
43115829
19325596
35362955
99039121
16654500
18472032
94248910
37148831
96122136
4627586
65547566
31643930
32752777
72246763
36176603
83744216
78861090
12490806
29844888
19850282
64868523
74285802
14364856
14157138
19022138
94322045
41178448
77549525
40687893
19433292
37800833
2913554
64896153
31167737
11569754
71250994
82069260
49205153
48437455
48167735
52133414
59822290
76723681
58042680
61176512
56423593
11999535
87594005
39437409
37245104
77999800
99842496
12323527
92316177
20047424
23701198
1021134
15914915
24178162
62328042
93184516
6518235
98186817
68429425
24343857
37781654
1419976
91078354
44934929
45955448
82981235
52190656
57036835
45218123
14697038
14726098
97126804
5508216
89559823
77367849
67599105
85494793
29588232
6885821
82980646
84858675
94338028
83685732
42182111
74312383
41327553
38909782
53009946
15410901
81752271
26054390
69747708
60503358
10296362
72933912
64093995
16057993
73080382
630767
90349536
28160588
46427662
76864410
70151500
52386335
10845554
1640742
53586520
90738048
93185877
75863343
90375567
52171510
95738136
35283776
41278165
12626415
31134466
75256768
13203104
31455567
85452944
35639801
87750318
50308135
27689861
40974664
51217325
38330271
50828614
83770726
20850168
44169005
6422875
53924184
9715645
26023314
63937629
96122538
97585504
59047137
45866282
93053893
63134228
59079548
27134776
82271844
12631428
77066262
4705488
428049
47397022
26930506
69115274
31329850
48853373
87689009
15491213
39755364
694745
35799110
88813412
88671418
11796454
51196930
94385375
91211830
42404501
82178880
95231961
60164546
44200739
20614444
90815010
39797705
5516000
66341751
55481157
79050707
51969342
33953435
46222892
24889696
33846422
53098597
83595927
63652800
38897268
41372479
93315259
46915779
55955105
3316148
70319883
6640814
50453037
50778317
65817632
45079954
56863964
59851693
54307508
69554213
32473002
78445484
72924713
11784848
78862450
80729408
49601811
3130467
64581168
55583249
50798566
80309454
89882798
28176964
15620262
9636949
56199753
54115094
27765675
75238617
62103759
75324918
38546583
64369910
84466790
19252290
37406231
30109304
53788800
34293592
18185756
92106439
41375807
84274741
31784019
46692894
52320909
52763811
90790193
25687321
33598474
57152356
93982430
90542755
38745370
72781279
79842021
56703483
4062854
13543920
83592603
37627903
9324259
96748097
25887509
43041883
9002455
26602186
80140741
77560630
25414343
40946566
96956848
19597587
54310061
68457230
33242678
84700478
56604909
33539663
38186130
8953099
73510827
26763775
77835198
90879741
24163249
5170019
58648573
59023410
89248595
81619941
75589335
7522778
43680397
27429094
31142608
45543511
96626313
40784572
56700201
9231333
80363174
32354754
55483112
88362239
68515021
20107531
68389501
44179754
21101936
80254443
8600416
12036593
93821977
84054375
18882627
21170865
99176482
48244419
43897020
41716840
15024509
40888136
83334103
37763864
71476647
58665108
38974300
47606332
89063716
92402544
32749171
49148841
66564055
12143308
74962666
61487489
78714267
32268784
42510582
42761542
69759867
62863843
42548889
97408614
43368193
53811026
4708646
33529893
8732149
96081837
15060114
21712005
65281183
27586641
9277623
95812013
34387024
35611672
35342230
44809044
14155115
35040829
21133437
92645982
34590814
35928830
74861261
50760432
45919174
61840800
91601604
58288089
84503751
98304686
81059610
2626304
50502816
40389511
78565310
15793093
3176751
4522782
6621018
11428223
32747574
59852818
95069370
92787743
20648462
80000522
58081695
99321800
30108607
54098967
79274798
3258186
21145736
36644120
28782501
90524736
17119205
91140016
68762940
59602132
11377858
79005916
54824021
52820471
34932920
74575435
47287483
44431557
11696197
95436034
82053064
78544756
19145554
38671942
76348793
90777172
71770961
70295766
12625582
98398910
1305511
9175548
24138466
43240649
35084643
99670535
99466003
70391600
21567331
98921239
79133448
14014562
21351803
47340943
17988297
66659565
1087416
62695805
43164544
46420257
78100874
22713053
87725760
93803482
90455379
49730987
77781718
14792778
77947098
28985741
38601985
48884323
83468549
5980488
51366348
25070732
95965876
82370928
35928060
95572597
96592614
53294913
93168896
25264802
23852351
82445590
33851152
95334386
20203935
42434033
26234660
18819859
40806922
75849015
84940319
77807270
97823041
62153711
14848712
84048067
84009620
80502507
67410977
84063777
29845904
16332487
52598430
88500187
9696380
59402741
88337079
2767660
28719857
10389355
14578783
99497075
73637524
87098327
45874302
52781996
47797474
76027091
80798722
56349188
99614341
4289901
62979123
29722588
10137975
4983024
54562496
61177747
91460191
94340766
67238538
4954326
96526969
82250774
6809283
5203582
24525625
21282123
85393113
18259402
87371080
76540487
10207564
53075450
27709383
22305218
39029622
42619000
87128334
41365077
30011722
61048146
35923693
33885771
4031880
95330399
97205172
64937239
99932660
62745243
97254697
9585714
92443076
52230199
84355988
19324702
86643664
3469117
27637704
62363929
87440513
34033794
56672785
84631688
67634413
2232844
25141990
25633477
67054415
8622743
15009612
47527459
27229744
27864897
53221031
63814265
3377980
91923863
46663979
5970362
21258100
15214888
71943848
21836038
58766276
35936228
5988754
71225310
91747580
90085974
65190826
8212933
35168079
48790124
67955277
28811242
45361488
90688956
99879361
66591189
29328333
72625501
56838471
63973570
45904891
80044776
14900463
6281287
42478484
11117599
36003816
67759729
48419540
96400720
24127756
97617486
38804838
3109435
25493948
36402706
65198196
6529430
86896624
56433207
45943905
3219689
47504519
217899
14329723
84084073
4838384
88682311
59793772
69425217
54657477
3224450
72566672
88509873
75005103
75246617
5997721
92672559
86240585
97997107
87743725
40010183
57083352
3560554
40081355
87247653
40692352
5412218
20517587
93747756
39168550
96239541
56468978
1752911
2320327
29180261
17057027
47453477
14136079
91641411
74888611
20721778
47576914
33133760
26240317
73095890
69286451
68854681
13462966
95507194
33006252
76464119
95888937
29367623
51891963
8845647
61875496
7752827
87990353
89104413
87063298
61262032
92612646
54259440
39102857
20803136
45429658
71390801
36972562
77927562
12232170
55112371
11637785
73671715
39806594
42706788
34755123
58558207
24404954
70726945
3643577
72156430
307903
21126508
28138960
48219076
34177499
74255904
54650466
86569236
67127962
44483631
78274560
74239041
75845065
80449724
51371174
69118919
95552689
54277710
13334730
70343670
80587649
3859562
46583598
5176554
99409503
62585153
12192507
63319028
19386970
48889677
29483489
16479370
81818444
22436444
12200229
66630524
23893174
11320891
40174157
55628853
95221758
44318365
23775738
61652883
33818697
94167751
8596071
72756170
81492368
87611131
48492381
5838982
55813796
10472247
25864670
71560711
5242067
20920593
68255558
7505609
11895039
43276157
12594531
56699270
80154153
20321239
23698847
93021185
80507684
40929798
77042868
58879706
89050047
96386214
42674861
61899707
59236753
43050148
18912288
81942276
90754684
22915224
73872220
53153068
66639716
80123887
62644569
23437089
74508604
28497563
49422866
24174456
18079964
92065311
32077297
61794266
11773198
4538302
56271481
768919
5760330
61232189
95971497
54717959
32772029
63742321
78034988
98550285
98037299
37145728
79316011
827317
89482488
6077959
92631239
1268802
81692358
12752785
36820441
20054765
89295206
18981392
24871122
21506415
68482606
86171941
32917387
19655988
97622932
7736205
75607559
21973618
79372140
51635350
1466917
85846260
89042417
14976595
32738295
32213715
89335220
8652860
49183471
90927870
70133011
50942794
80194845
30143697
34768068
25077744
6287268
7504212
21900129
37903667
61422747
73339985
2147104
89651258
51168186
31279836
59313173
66248001
83599089
28647555
3854014
27982224
6079780
94197628
34681060
53470390
61567717
90029313
77285189
6860245
95628220
11492203
81671184
49595514
15418885
24915866
77859328
1067742
48357212
33800494
3064859
97472455
8060875
43483444
54305801
92790645
54264915
36275140
35708843
85973674
85230163
43257651
29043175
54491532
43418176
67741437
99957990
15320654
74114310
19229453
46498942
65402637
3250294
98519607
72436535
48411476
20149460
15333740
4151756
24399005
18935454
59155321
90529371
67897521
60267252
59538963
30946128
98257469
64620421
12129900
82790633
68751591
8944294
21062624
959270
94132277
19730119
64016823
27489741
72640410
11959216
27270278
55441058
89894458
33302434
99302298
96920119
54485964
15254649
77631008
51617233
52725485
51925623
56231215
74352620
26808768
72161997
74975723
79491900
98921078
89098297
94309
86884713
45034838
73649324
39168396
38145835
76062491
3473932
37373110
73861173
24007242
70289928
32936529
72311102
63789048
67049452
51055107
59002384
82278965
66048227
67384502
67441700
32942892
3045857
39201188
94766380
5477149
13627275
56886717
87325927
23673815
87266923
2466223
72399232
86731849
12361928
86422762
80591901
67090881
30510365
87568018
5570647
14457914
72733015
93522660
79492407
55231332
50983870
97568997
96324455
46265991
59732917
59863359
63091033
52959920
77345620
68850684
87686163
7949537
28035483
81467953
15332045
85359422
47569318
52798411
61328962
80526126
16207243
29156237
73754081
32044613
72344965
85079368
37343007
54163451
38059836
4242480
69582705
85311044
71739801
81133717
20194931
94592002
60101021
94909509
86428461
24294450
7452001
81349374
66113874
6993543
36439867
45967759
99278428
77120604
35665161
32160254
28798028
43169070
26438325
42507763
72774518
71905838
86594
35582622
75447328
51860385
99348574
52477480
97957954
26147939
44903319
11027305
68197903
45175081
45777508
21221433
20996760
88685888
60156739
32399955
80854062
10611548
2840396
40003311
30217269
85182493
61860482
38550132
54149207
30824251
47067193
93879577
65098909
24444879
53125794
2821068
27776124
25119455
4267720
80909375
48113136
49723069
47226571
74372901
15241588
36875584
89319665
63315674
38417996
98393108
76816091
69310273
954806
50422463
88297856
38697095
84542512
95608156
19712419
8596690
44941685
53169332
52713657
92882137
55939214
45905031
20846987
72064796
17534777
26509700
42499027
81869537
75192229
14572349
64847404
98239014
86348088
39581836
34169148
66697102
28658876
69667865
9770425
42356404
12363064
77804698
53199
93475722
28131423
46219785
17312001
67379068
63562683
31375387
59792208
42700097
88288994
64654396
20568303
52097233
29886179
38817684
7097138
55678349
95025498
13340310
23182322
71078821
25942652
17728674
24164981
72738403
32775799
20890004
45655104
69673673
55878418
43260454
73401156
69328812
36748007
6398511
73807266
18676212
47859547
84504775
8378428
7267874
87650151
64127318
23982468
33100928
59278415
96174195
42911552
97387346
42432728
773029
43369953
6265964
69288493
83160106
35461829
85433452
58925940
56719885
74787849
83232095
51143585
440975
18702444
4747556
80636806
65310293
62348634
57314798
88839024
86118789
81578011
58556798
60688717
49873829
90279755
65580886
44022626
888101
3603063
85304404
78290945
35284543
97851745
62631699
46531504
71658824
23207684
4376017
59734467
80909271
22959343
65399492
35921085
28621443
3282970
11776939
11374946
33776527
45906503
30781466
23463544
15108804
91734189
18806814
5432791
81254679
40099230
9087290
5490946
1901590
19580084
60366066
14907508
14811510
80138566
52240943
77983054
88554853
31520222
7363408
85252357
41611784
84254050
24796976
84819441
20489807
48949921
18197827
651
37700855
21713491
42283991
97963757
63351862
61581724
91970940
16140091
67070418
43724889
66650006
47496529
85342913
87680163
16888053
37926306
54012376
39996634
98808706
37414502
98854876
60323256
28866012
32173961
3021059
12784673
11249496
24805888
20083739
45686303
57406059
65065753
15269939
83375746
21558970
2781986
77244502
40906663
11518935
10489000
61686285
10562055
31046768
2074481
10605775
23931630
57896013
34356435
64772839
34049742
5788310
90168317
22840537
36015186
12739038
83790677
27241230
8638810
28932496
98448484
49521184
81116085
40247445
28343966
22771665
72579540
35275369
81227031
80030797
84703785
19138817
81488451
6222507
14948333
66988103
81362175
10304550
73271009
18598959
16718226
90445207
29984270
75459169
51431874
31433748
8752102
22233874
63719372
43233865
89944069
67168033
15116945
82007001
33065112
87019737
96086797
98148511
35885697
9556252
50768658
31871629
29983688
32396730
4766373
91072396
60560113
2147917
32411298
69026986
89310331
87938197
67865332
59899721
49459144
94478696
32867660
65250729
20577948
94171220
43042540
67230921
11138876
48808643
54585670
34893501
59827233
13455547
17273503
64968976
91437518
51206870
68497404
60274351
89972557
12134889
59262715
57351949
99104214
42563153
31183413
26691891
54797194
65124214
78457072
95401996
45162953
61532929
41240346
13017831
9136323
97806171
29972416
89764731
68765357
24244642
87986342
88415260
12802946
43385582
3375961
40860709
19653917
69140982
84268744
75728154
46940519
2112332
42645393
29149559
9093525
95600319
67857846
14981591
21498860
21909957
50919579
34807283
12105853
22276932
88242603
71690783
9103429
11698838
90813386
55876987
77752551
20333566
79183997
94701822
61571990
68914130
81255213
21775346
49627985
99013343
14574015
21149077
65322278
839589
97824074
76817252
17219999
50887745
91699062
55861019
78901278
59440458
5024950
63721660
49101377
19868140
50618331
5957505
751064
8563583
12947428
43626237
6778384
85743509
45200210
13493662
7454788
81415429
27443144
1957616
41705082
75100782
69784547
75549009
32429257
96155107
26073355
20429829
81436509
92390068
88078734
39222347
50458909
93522629
27637503
17576128
77369924
35015119
67451381
36459991
31589895
45250940
45911473
39588127
79997643
33520457
59598807
64270419
8677187
81416001
8272913
27925653
96518860
95554211
84554913
25517414
74596305
98693742
52023346
69908615
71428076
44090086
60649565
88171764
37444965
7534340
79090869
50437514
69083489
61831345
13014868
1106339
92164104
74271913
60524743
444873
49769761
69749320
84346142
63158031
83512593
21630507
82988675
61068747
64838471
40314406
40731689
76787309
98084276
89360365
78065477
54711869
2093535
55522779
12248721
34394047
93941237
43139670
33276811
61913831
25848685
47072940
44058914
94370078
23008577
91613940
56672259
79703987
12949844
13770366
6574404
16117236
4961027
73207207
70398412
40226386
43595565
94043642
23380584
95147181
61045203
16080561
63285911
95008813
95635904
34858751
2322670
63100237
22224552
66786989
58671765
44033236
1564967
90476538
30744906
22865262
69796176
15773667
62658049
50498537
61625063
28062029
42950878
46356820
46864737
98668147
52903781
7898770
22471364
32556752
42014873
80169181
56670806
61332714
77778822
79734305
22451277
38929480
24020231
56624216
42730079
9881342
49235565
19204492
20966533
40827768
19423619
62620124
73607818
49279583
27641201
99497837
63624003
36402230
91199278
36012863
13554198
29064170
53661384
10738550
40038659
39343401
71668799
71432350
41754730
81928517
94466458
6043903
79157770
40465947
92450899
70102807
91822164
27576550
14258495
37901431
25291764
2378228
2561943
77104459
59819351
46218612
34437841
90793200
47343084
61675939
51811462
1602840
45603256
99803795
61209655
57677419
79771468
10255077
20871629
27407227
14186974
68971737
69497258
43379299
28433125
33226554
33372836
81295864
39116473
18853697
56887835
49346343
66161195
24836241
17054379
32773376
89467227
60345940
20312253
88294279
55160922
18988853
67298140
80829627
18667990
61428522
30562586
18660175
80336094
71215189
97995320
46538280
9364003
61700816
34969987
59664637
79616233
825828
93523291
31217230
50070676
30888522
4182783
49500854
42209234
37374717
3407139
60151864
62558052
8722172
95316061
47080577
4996746
40977856
81801181
13159407
85527263
3147384
80182310
87848170
94911949
1339106
30266080
79012605
87998105
72846777
25815995
15968230
78251333
77409532
56543287
58703412
35926084
45678482
34901395
37357983
10311723
51224012
13225982
86738714
54293185
85512857
21607624
50446113
47390344
90777509
76423744
93085337
13916810
33535651
10882371
29926854
95024954
52796150
40568433
98612167
32035347
90648533
33962878
9520859
81322759
61800207
80053751
47236772
55699095
63529458
7500631
70958460
38084868
79301309
71612321
14344090
69849482
66977991
46173901
94784493
26429125
48552404
8320178
65254881
65317156
47195227
99360601
58207878
84955785
22692006
44415504
85489999
90405557
65531629
93925718
5074164
80379478
9467273
55236370
20989242
85861915
87920706
64020354
48400475
70748817
76862845
97806405
1647345
561106
26946730
29690714
27867819
3010134
34264436
13046301
93503225
75626115
28039789
51297230
43727575
22417769
47026376
86693091
72922194
48245235
46338825
74486496
34954935
75864252
56288893
66810915
93590367
4164822
52289659
1856567
59636721
76083256
24050400
61536745
98656484
27039935
66193167
14492380
12586343
12877538
20754426
72177972
68023204
98600237
66073859
66484608
76418144
78351582
33461559
39472531
33517849
89668939
88045554
66786870
71272862
98663970
80855024
4294140
12568659
13879746
10170219
43733252
24156061
35878136
4715317
82635092
30554586
11387801
57454904
82107509
75935476
90813501
9589127
7588961
20934704
24873593
13251607
86184319
71218892
1624953
33417479
3211526
73434241
60590528
60273247
92688952
35793
18421080
87069890
29588796
4965595
25144582
58159045
645695
66417191
87965139
49575819
88702672
48691126
69678768
3425358
24611383
76527081
83990728
6584452
48688700
18469862
45777568
42203196
37478333
6049747
81285011
23381153
26256324
28502896
58711894
36351149
97216798
30176618
42737464
93863894
44101834
92907860
33493158
91062284
98529721
28694115
36224800
19070707
41380902
57859226
15666384
30649037
7151028
59419470
2878662
26013630
96926778
64625121
92081594
73175635
87699856
26941722
15841705
43301306
54410211
13403449
84239648
21240224
67391762
47508762
30715764
63011504
65315969
89148719
967693
96893281
69228367
25774466
17810009
21223788
2640033
79434176
77695798
6618976
25797997
12191890
99420464
56795594
61876577
18892789
7482626
73013476
23476601
52968161
5933230
25345126
50824293
10585936
49836984
5610888
11327761
3517766
71512889
27058053
52337487
53933283
26263924
23107716
95719501
75802863
92662737
30682710
37359965
11249370
25240719
97730460
33097365
37696363
30786673
70338288
25679495
32831535
49583620
23239801
59254806
62900537
41992602
67532021
74486638
62752813
71293320
83116206
62399584
83951301
81518928
69040438
40777589
47690664
83273248
73754813
8120326
34954116
46405894
78794972
75673557
12670864
90073434
18260136
73521730
17341725
83750013
10502617
54653360
60648535
2513380
89511781
21420989
1774547
61469561
89740925
72689429
15002991
99819061
29294741
40255096
57490223
59281276
30147211
35657153
70719492
32741281
22192674
20494023
34264431
43254846
69888572
15063203
7148020
99980454
43254695
22408920
57548524
49311179
63797151
76871933
16199783
69300721
34180728
72798061
42856040
41257687
43319245
66858076
39764898
77557708
34352708
24866263
23920004
72657266
64832665
34692545
73503796
76197375
82632616
78027118
51879692
71759361
88914528
10101454
19068842
9537051
47835836
18196572
92924186
51980772
50800283
60198457
7800504
19694100
1825316
65914512
66273242
43537535
74592857
41442903
75860225
35558528
66708567
37332012
15679294
17750042
92476302
75933371
50788334
20144997
57174220
57828742
64666396
56829328
63462342
87843612
76425802
14600515
70956382
89421912
68597772
71275663
44062718
67959624
74832068
35267195
46928241
18768549
52396071
85655151
87577322
98451180
71890227
47071706
70151643
62631322
92464550
20682719
43211259
31761365
29877889
27827901
85964587
23351193
19376337
75784652
25631652
85075883
80663774
92267850
18593876
11699277
77766376
33640117
81764893
38824130
88563333
28084768
21830366
62862064
6213119
60252146
67265254
66323771
39618428
6691856
40178770
60310726
85822517
61183258
65314979
59663849
53725083
53849414
203545
49017697
72664797
26917219
22736224
35792701
60105092
52358106
64365435
10171097
22160222
99973362
11047943
57468001
83777115
43489458
11045183
91943624
72651612
57331000
28794946
43951719
24968542
42957315
74821829
75742428
81664828
6470713
46696254
91147469
38470510
2201523
70544903
73147787
66092622
671293
67999047
4740579
69534472
22042076
54086126
18422331
16580452
23726652
80033380
54721050
31251416
93633028
16168313
610541
95144109
97136045
65993016
57992281
95802423
11805707
18310679
3706009
6980897
42511950
62502630
61449461
33134284
17563913
87460145
43009377
28825541
11451558
48344713
7270979
44828239
49690937
43946316
20718383
87791579
70349793
92381575
47170461
31585982
250160
51450361
58075117
67108972
84726639
30276772
54185193
34012455
33871511
38502142
54420632
52493553
56347865
82143267
88816253
91438851
63568010
69695685
76019518
40002562
68150122
2512371
41161826
59297738
18486076
96522377
26613228
20001770
7325374
427988
52581450
67636992
68692110
5216647
1239090
96215263
26186984
63202271
98905079
10785670
80812391
28056865
81378613
45622264
93168572
12803466
7759859
45226757
18496204
6654580
38419765
35498772
56485226
77920874
59464185
57019542
99090688
25702154
89383920
76742173
48189201
51751544
12258031
17741203
83858306
22480733
71701716
26670282
23954200
77742686
84803317
70911356
90009600
27191345
1245985
15182596
54413391
86915274
23667497
17414103
75866120
74668544
76712302
19409461
32958832
91439100
82422080
30495161
94248183
77323707
52360766
86815459
75237760
87060973
63898212
19305693
3623885
55295765
4451372
93673225
533537
27102016
4000142
64293046
58048545
81636550
13779659
85286415
5229838
20309471
60545215
55845712
77945312
46750822
30141075
47154385
54012244
86442663
59379477
52087910
95725004
5626749
13770819
68925545
45022023
13476057
624510
46175005
57968129
94736530
83529827
51829922
82259692
13423189
81968214
52667424
32211414
89379030
19942307
61196747
21741931
83470984
51685826
59417978
84990055
16327673
59202469
80998413
42813726
67138321
1409936
19894284
43453575
81779002
24840069
15398924
41283777
65377686
98557931
28063217
42404505
32469739
9269037
60085677
42171954
31420617
87837354
77947333
14126332
27015804
45362902
78512944
26964845
59954022
95115051
68550643
55244901
62414573
71251197
23650012
44912586
52261143
55621059
29416444
53962104
85598812
69002368
19019170
48232811
75165097
43907166
72950071
21507648
91287014
24247518
60161915
86406738
17444461
86330720
23074117
90044516
99749955
66464059
59437728
1191482
58313402
95242263
47257598
80848335
71814036
71897345
12663885
46288756
54136984
14469017
27817570
77330042
90436600
4259065
80575363
15224899
92832355
16514167
19041774
71118338
34685069
13777090
6798523
45714335
69226478
37045919
62937327
18461901
12733113
43400715
34735341
31683157
35857999
12580109
80951600
69720759
24822179
8653
67793450
3392102
22756954
98310446
17617004
71704511
72096267
20641737
35573871
8208720
85388235
47165502
41033878
49655423
4229689
59056574
58603554
56329297
20361086
7313748
97180087
9517590
4382858
42338600
19822941
92534703
45058671
46322133
6263338
45214589
68430382
63007152
2779220
52027280
8619178
98382503
5667919
18215087
56104493
58307329
53072764
10402054
98292010
13672278
705661
27536828
5552973
71105402
48108447
63170533
47671650
46526350
26767402
29975829
81010578
87476647
37748417
73257972
72370241
40458818
1091838
94746534
60090606
74102838
474320
63620153
39944605
80614063
66007539
97249549
76585449
94573430
80263831
97794549
82539367
21044666
9974429
32084735
41289939
95157889
32231603
91468454
84883996
98429756
24833351
10090401
43284789
84302261
87421319
98057407
57133046
83344279
85732865
3661863
4965455
93734029
68185301
67906864
3657489
8905233
73738573
56304702
93769798
98395170
99195102
4505781
41031900
46565106
40121368
35947255
62275223
98682899
11895870
80912819
73894721
48523073
3612716
92557387
96506545
56593757
32773832
88668071
75409581
17424258
21849383
37705881
79922218
83234579
5380151
44243982
54436225
94188023
66020531
58270452
3944691
62797994
35885956
48075390
6248123
303663
34402671
37179351
70385749
50899788
96955329
13729334
1235893
8190889
66884029
88561714
65086477
62814460
99538643
73660318
57048097
21265115
96696978
83966022
12578698
73145027
56979378
13880138
99658488
68900852
22966219
73710768
70373537
31811537
31187886
68868681
90358795
72209705
71270380
36514393
52181567
96543774
2807812
36942352
64603246
83534582
17624012
71466651
16184170
53908990
97624061
34322916
51210072
26040816
25851185
38677029
28500048
90817515
47123377
94341586
80313965
28134917
74440935
45110576
783333
52121849
62423893
32775552
88650472
16169121
82720983
22166461
88205439
9408557
54592541
85066950
66060077
33188530
81449400
97771668
68538860
77345825
58607487
48774716
78219008
3204352
16547597
85031148
95245428
64196025
44141105
43340073
70103157
48871598
68069089
49513312
81320266
51310448
32646208
75463740
18233293
55211910
68917935
79309631
92486527
60885645
2829685
16904883
14563111
79705142
44712712
58429026
6469767
64133135
3871736
44230509
88468322
21716180
89286088
62023502
20123288
12535729
78041712
85430762
49750335
75742392
87491966
66146229
60771785
98510281
16678641
94837819
34924933
10134168
12030511
27169442
95096480
47323583
84678665
34432039
75220464
14289760
40721902
41596718
1385741
55482727
38608008
63960751
14112472
90067356
91735424
63626880
319278
16845262
49140871
86966499
19725241
75460468
91362281
27828274
86658662
48149670
46039870
52901449
82617645
78480118
16533567
84229854
41305357
12241018
73237513
33701157
99951772
90039722
26863239
19881661
43196690
96541540
138631
9010488
92582315
98554407
72690368
64918975
73540224
819247
34325291
97944546
29958475
87800086
12037939
98100285
30900404
6796788
65497259
76222454
35099612
35849186
89590724
92646168
49962908
31423156
40416406
81915628
62559119
81552548
68728565
35175813
9234206
5262579
8664146
5216718
99369053
58255473
60734003
76576005
8673128
84532560
48560551
20412698
76189338
55097104
48217144
89642819
62066884
70210355
19038638
56182319
62682883
83522838
17389831
47190736
39468323
97708357
17924707
48158634
9872842
23366484
42037335
43712696
32580094
41308860
94546678
69866254
25575333
15780751
23457879
77815656
85624953
30073045
35787440
72893219
76165097
15003522
15664396
65909662
75214372
37732780
29126900
59084478
27624089
9350984
45166119
75128048
52830702
66751281
28669900
91839859
75882240
88193802
2331772
48580250
72981693
72198435
77143464
75475519
72644542
89252070
51758305
58991877
71556173
80338693
93916989
71035119
31550426
50960586
73931465
6826899
28735232
80053759
53841882
9182323
14092086
2440376
40630881
51400906
63872855
90603919
8378451
74533122
22354867
22260835
87259752
8273888
86953490
34559802
20664094
47616158
58901237
51425320
2659564
72354279
55739837
95366618
38871470
75463268
54430563
17390051
38409827
11384149
10921927
1830799
25328618
61114734
98589201
25242700
4957658
73207957
26875212
88239919
36449957
14271732
69526802
29853464
28759708
42004752
87467681
52301077
60906044
10464324
63098297
50715125
25359526
77966688
69927131
4802419
36600192
36821656
31790762
11713316
50182419
14864394
93010094
44096140
47963130
81452252
68335253
50933483
80436187
96060236
8996580
95403408
30785709
78714039
66834492
95169882
8448835
62215281
67216151
92929768
51395518
15592427
58946613
37389507
337865
25552572
80770791
87071536
23106919
32099121
44827745
68362080
33271728
65250211
86827086
5158763
32703028
5134111
25072692
72183140
32954888
83519675
91302125
49555804
83865322
51514170
21544623
11630956
45834552
14910506
80392411
35322800
13844866
4306247
55735595
80609610
3181331
76200003
42181011
21485213
68358776
21069300
63091342
90573153
3924908
85376175
58107819
93823454
64736450
13488500
32950029
20760887
1931151
14653071
9577709
7138261
14363785
47730121
55132349
5552522
21427806
67388723
82145368
98838450
35865928
50505278
43450124
56056611
43145500
59842558
66247246
47455592
11605349
81327151
77583649
78567366
4436948
95309165
9902531
38569489
48873361
47625358
33447965
25509943
5492767
57884287
54160436
19702200
15862312
80549935
70979376
58171250
9323564
57273490
61766316
80886070
48652199
84866547
71105921
51601443
44063094
58829093
28260602
44422368
69663019
72664900
57067048
47945347
56450032
22724578
96879819
48790238
33972046
99425846
67566650
21474988
65804534
16133265
90721373
66606966
8800257
12011273
18342600
11985511
4747426
12189740
83556342
1718889
38092446
51809815
99623635
72549091
83352779
34532006
43324400
16919371
83314769
93894127
91971199
26656581
71659009
16398596
79978063
958110
31647089
83030385
17709037
51996848
10696056
17058365
35720365
36399435
98052588
43671065
95034064
96421207
97872148
49971608
11981882
63659851
76682233
56060067
59847655
35403675
90604527
88295819
33549444
30112882
31572067
57179767
64099748
57906234
85328424
1520383
33876057
18611099
37265266
69046535
25724551
14611135
20462674
7325034
90641058
77251538
92143758
56751406
76137945
38835743
39421225
74384575
77952084
11941993
71074111
50224389
38011559
99556487
17648829
72601800
19263789
27451358
35517920
62969878
36920542
11132488
7890714
74400049
93987269
59822557
14629276
97971174
12742561
26857489
37012042
63513574
50355572
81738243
86832457
58436998
92936445
21892081
16410607
27592339
91113115
36190399
41188901
47306309
70570487
50853547
953253
89602478
56369723
27631383
90602339
5706346
56963437
84693422
18738764
95018713
818793
83850056
60626622
46947329
23631357
9977393
90291846
11106429
28598403
16801959
52001448
37497414
47805267
49095869
34382992
67289447
93430845
54587394
40083994
89551735
2330876
32639965
38176715
78186784
95812662
81033678
68314098
50584684
43439131
15470913
98941201
74895812
61500841
19797353
12515003
72373251
87088993
87584071
27152428
55236300
89325614
69920956
28980051
523938
39390585
52478109
26125228
7882891
80947290
53631457
24885352
62668898
3197335
66648733
38950154
13730744
67499219
38133347
97634338
13131154
33183310
19365812
34428095
2882959
91227582
9982335
66612419
14732889
53745588
38427577
78627780
8808499
84538508
43775411
33084932
99132073
24059554
62825986
63225263
2363475
85261424
17353766
25613586
32356200
25275388
136686
53757356
58980375
85165632
93919113
49865683
6786654
55105851
83296862
14627569
32273556
11380658
14170911
36876030
76805449
75475828
44569001
36116333
99024506
3152190
68365962
51151028
29390617
67448524
22225597
67010356
67806868
39934017
70936479
17849799
30671757
82904613
8622953
14779301
38808489
73034435
5165232
90567307
17127107
58558134
47793965
58453711
61266160
91016109
2895139
89147373
77755586
51738289
11277912
34906234
34979468
37058497
34843311
59150343
82934749
63311449
26519930
21213961
12948280
35484826
69951774
98844821
44245222
38858023
87541012
30200833
63352623
39511957
2866207
95858385
57344819
32689129
6420047
19728705
75024799
66930723
54738561
80404549
47725164
5842369
66253858
53839331
40724166
81527960
17934549
64787682
1381714
2760863
56691398
62907946
60555336
16062446
55303490
23931497
2613565
75220034
16296021
51518584
49967483
70139212
44990358
87000741
63250601
8984824
29836981
13041496
29554283
47109976
99444
55832617
57701411
71584557
69978431
65353925
72920770
35429635
51502953
6393918
39227781
44304367
11654065
51020877
83109334
65939739
29526294
97341000
33172185
9018532
9632698
80279279
75521273
2047446
334242
94012933
87525785
94330725
7241708
54974490
36819124
62445238
14089734
82856339
92204207
23340947
42306677
25439519
57633241
18926696
3689176
33224674
81280787
13771143
78381180
20081091
37571885
31439299
49768584
31851317
68398233
11584969
3580453
78057060
2594782
32353509
8501953
65335902
52778438
75207404
42174329
41155770
37515599
79354424
38328407
40430904
75176687
29953161
37426405
59706007
17621173
54542145
60581464
96192950
27738456
32345126
91920028
12900337
13789847
57428691
11746323
5286997
66253257
70861068
86403272
48297296
27398519
28926808
2379428
24438593
61329958
27554691
91432879
73437757
96470420
5485034
10945671
6096584
26027914
41808406
31271730
61516169
7055003
22578566
3613179
98923250
94502017
13678021
60513292
14664916
30820308
25677671
60174714
56488489
34606316
40041736
89029818
96849046
7122139
66371483
95558479
26822905
3016352
2621556
96749109
29934761
93998750
58227913
85220298
17784116
77256439
13482365
45266470
13615984
68912636
39315173
2550499
81727977
76895903
12687387
67391087
17478069
91085175
18431176
79186705
15979669
27368071
5168231
83809103
58859590
41576697
55344895
53432262
47355703
9785165
5066342
54639327
1168414
28529311
83424471
4258052
23448316
81834990
68965981
25998075
44357966
67066917
89959083
66325408
75889573
27977595
41591731
47081850
81573660
83840814
28412286
16292422
36524406
34822413
87026930
15202159
82128866
52369879
37090056
55991748
20047981
56818241
55043943
89005573
54905216
2144519
98143155
41446158
96438076
97502905
4862738
10065823
62910436
80431529
13438464
46667776
86171700
1536385
10052772
31836319
26679913
31477962
62413103
14824894
85621862
94129614
77072688
45458898
22030464
86661793
1910388
61349243
90015606
93844859
17775664
70907213
34698621
85559403
20360708
85934001
95255597
42564312
34817276
3058470
59831567
75764444
65616967
35823307
57474061
72778461
30158246
11440584
21607993
42615017
37274473
93369526
25230573
3621927
53166913
65567888
51159837
74052534
70099589
50735882
22510572
95125968
29071037
78190036
2439652
12667574
80971938
92069814
12958517
43455813
34667199
72976565
58263321
79000225
12231089
62262541
99076585
5262545
32542091
51495595
62982720
75539593
16530429
95321503
30585429
84314142
37969941
63675292
7151876
16063317
89650699
79273716
78454203
87187412
9818639
32630996
23024493
45531131
81021964
3557806
51258058
30609528
44366146
75163518
40334497
72542488
38954306
2577911
438889
129839
74657752
92685651
89177498
72289120
72198270
92018916
74994361
54674728
78343562
93574189
47920112
81220721
73057634
97189895
81429812
58738353
82487736
38797972
25798887
12730947
81053221
98403038
80501891
99866383
2887732
94122583
46713351
21371254
23916733
53101401
11623616
5513438
77374248
20070803
6129194
36566586
24638105
32927536
3898436
36723874
8989746
59079754
70527163
45620245
91075486
77616371
29489103
39657797
14782107
65013938
39378521
77817596
47350222
69362687
30060467
29737870
47969644
17483503
63454734
51160266
46306489
10591843
53429909
69187087
41758991
3334325
97603511
21077027
65135939
32446487
96006694
63870981
43655919
47472608
53276031
55453648
24392099
58830701
78398143
59713617
67391491
21915740
42202882
5771959
13390522
60420247
82174514
74954181
53692131
19411053
50581013
36818474
83765384
44310962
66716497
60210002
31471259
53140905
17308381
96426375
18972499
5536385
3144717
31984106
58335927
42764595
97812849
73295410
91612535
5461346
31126175
43012051
12920869
63195776
30539467
68830685
97621393
86399353
11722273
60447362
94757397
50475923
3949681
83485989
6184953
64043580
36183759
73132757
6151184
55774808
70859135
3772716
1490570
50952069
18162770
15660602
92094392
90345070
56300394
91649003
45913934
59449033
75817688
92843592
70464499
67657157
18780308
76333707
24791728
47524905
7013805
71372067
8636457
54142881
89525557
94526975
50279685
89798916
65421754
31980649
39308412
93102785
63294011
79335979
1746731
89124683
76736896
61054675
44898802
37611424
45581287
4712674
63994906
6942560
35821634
76297788
18056255
58448744
876876
77520772
36090392
73441932
8509288
21181941
74377867
93166260
86463316
54415034
59121689
89811900
44834250
61258583
77613806
20666586
62447348
6628892
35858141
16364134
17408465
77609867
50505617
28313177
94647271
67602102
8968480
79764290
53368370
26862401
21288931
72404435
63704316
22652195
3450630
53408420
56702226
51539217
50391969
17254263
9130377
20797511
41724622
60946256
46947239
47493485
38134386
74996452
70646008
89581985
69575654
25111090
73612197
88298551
6249734
75598037
1163619
25079270
81159532
35313198
81565903
24990656
9011849
64469497
71482742
52676683
52993983
28990563
83005755
48792009
53395910
56483369
84788770
67560610
62278842
76940502
34598359
52726692
18474197
32703916
86746908
13273039
55468650
48947936
3743618
64482320
23174154
57844003
43579256
6132041
79877729
88057705
2936916
19759730
41829560
43283293
69020109
56357937
97878813
95551253
39895135
28656001
2605592
33118852
13139963
33592215
75528079
53796789
49386100
97275380
2079409
56206321
71384487
26457585
12705357
25424608
51756188
46197173
7730127
1230221
58639812
8180507
64861002
19493743
10692286
50089011
85592222
78078117
54740390
93161151
73671426
26321712
12881954
93944082
58804273
86080586
30256690
36257468
26008678
842328
76931605
96646016
51814368
50802453
61184257
51601916
65553228
73484300
36313966
71715713
51995818
98906625
39965064
51641040
92764135
87630304
55520204
79500583
40245414
76574350
34188220
12052947
99385954
63782052
52265698
5432639
85414022
65335988
23348994
31570379
57699074
86747598
88152356
32434021
21243943
57945180
40200877
48389944
29812764
78401572
75115815
42207567
84861981
42492595
54201254
29631408
78904897
96087783
56493462
8577553
78410744
50450845
3946960
97301040
17554094
85817101
93884396
8755227
50100921
96704874
25101781
49356348
35846484
27174463
60400668
12344046
51287252
60273661
79124318
26651329
95401075
21702150
81140034
27312713
97112894
73332976
27737583
35402427
35289805
49827892
24030558
5060268
67744970
29115328
96541650
5471944
58066701
37015368
25865318
45478997
21519133
21089241
69504950
95918625
80625021
55704349
41713486
58577476
31098979
72923340
49089412
54657318
753696
26927319
26320713
46022870
86095815
58417525
73336519
94391905
67315466
51186416
83152549
11635144
5994765
8051934
88869379
70138968
37693374
26640528
50568660
9758813
19417164
66927253
71435825
84910572
27743279
33519121
39970073
78154552
53162935
30168656
24919900
16337163
80464745
10061856
15887080
7160609
7020364
81316190
31401449
10577490
1335445
47442221
18808820
57985561
12743006
87182550
3323338
87942574
63206599
25602671
96004153
67056103
89264604
52419195
64028642
88187924
76701618
89719666
15656834
19446348
97536286
21094340
86108623
85527909
63897966
7918504
1187746
32684043
48896613
51375611
45300205
23238533
2573257
61237801
35643212
70117949
26389712
36652391
35081522
31126799
6251498
2202836
16831792
62956759
37281781
58947153
52408422
84336416
72304945
71293248
20182967
46486217
65531562
74632862
66622350
70623133
69740040
34624974
53433479
51869649
18123913
69801476
18156006
38718349
62545843
2492682
16188620
90561687
66243519
28407640
17678533
15982298
84880954
71643080
54427585
27610760
26977716
17018739
82920568
44720802
33524251
28295359
33746635
49181209
8647055
50785793
30925580
11127848
95535948
15861631
27636071
33743729
38826602
59453599
71349482
98111541
78954015
69816531
83761686
82089499
18203694
39637256
43460025
90390716
30977101
20097316
25636871
35225641
52837263
54634323
47464613
64790689
42801331
17389166
54287498
8590990
90398055
94600635
64187499
44551122
16449373
47742766
17548433
99675108
94157673
5123411
42842024
67719709
80278307
26367862
37063587
27663224
7652573
62178566
67608247
49732378
96032728
6838197
42856802
82562583
84249122
90896658
58179200
90691900
44749159
92254711
92941181
9459275
36917472
48061656
60142720
37785337
52269518
25111365
37329203
48580666
84846082
64771245
11657553
63795241
27858743
4746110
24324542
88451826
88761909
15343124
6869467
89750794
29895484
36111718
36459452
70786852
40018611
84341568
7039253
51466012
8636279
67875202
63558975
49728155
77196439
22863072
98966936
47031123
35104087
15643545
82720958
7318368
54566312
61302623
45687447
89825185
13697482
71127382
19804437
16371656
95708230
95972875
76078684
39927143
72040698
16118399
49245933
10324142
49561923
25667355
24964660
48340660
55489112
37816446
36849447
15760511
58429429
90145423
87506701
97097051
72678385
51539033
81853322
11645219
71706019
67998283
92691747
4909976
2480875
25870383
50991143
47362194
28038466
32465453
73088259
15539101
22833702
81081777
75249912
8877609
72885642
91421285
20698507
78461004
38057956
98456572
57055055
96530053
508408
85959593
58119725
93894162
89231212
38550357
70386646
89392900
70835582
839278
44368390
98635604
10718555
96663914
86334454
40788022
54803405
23379486
77483233
64689049
41639115
48036555
52217213
27761995
15107318
21092166
35093198
89014907
31608130
33951712
69384334
23012535
9766671
70976333
8322544
58986738
82972480
57952153
80314156
83278363
40190936
60223248
13689983
49403360
66864529
93118775
32364701
60107044
44553378
23164575
4369799
77042713
5704803
16645219
82140901
47131892
34937594
31808999
89909178
80989696
40366338
90794395
51635391
16915780
15950280
88178530
46099594
74536567
41673951
85680790
65151642
8841808
42033441
49666187
97242419
70518526
26358466
63662556
43893554
14455205
9601071
68042810
65301564
39235847
65422503
58078243
58160358
74361017
51822453
60182791
30651468
51399478
51578555
84828741
33701152
62678381
58721395
36140134
36998390
33829214
13974337
74514305
34539555
59589948
22823107
24182081
97684605
45238174
48402865
84242925
97206739
62740804
72932883
27881250
4139903
98224824
94877004
98056973
85017610
21779286
19134182
69988583
23367658
73110050
84839220
62359534
65132413
8284175
5728464
56841573
85437772
36580606
65847223
1859862
30247465
58020364
96486200
23754822
58979430
82645975
75806399
81779729
57712017
53027027
383911
47288075
48277502
79352124
24532563
84463205
75491271
10006925
23230007
71617900
10457789
98260629
86225495
60697146
62046077
91917502
63539512
28470210
80736944
70295020
58565235
35007695
98566335
40315541
44951345
40951249
3951997
81339841
38243589
59553700
42376298
29918948
24536567
55561121
52498165
82763312
11709308
66124878
5500831
33357395
3121866
51007285
73439157
62942145
69087252
18199754
61766909
312946
42081993
44814941
26058796
83367468
25459624
17911668
71294497
62835801
11847743
82151790
13856522
93560200
106538
18233939
58428305
46611556
14844115
63927545
68576336
71460643
5711272
22440028
32429596
12037154
65014265
29966942
18669913
77944839
28144017
8945016
99381601
13588279
82376224
25770618
96508125
72653217
75842418
34893649
67446596
45480392
98969202
41223216
47725513
92520425
14844697
79690904
4200012
72027417
10491331
865361
35880440
54786016
97736944
92851764
27917450
34886504
86661854
89618175
9608429
12969776
29632186
40109429
37992295
39034427
14495828
32649760
81874459
32265868
23798274
18392738
22433913
47630948
36588664
28802188
32497827
14930018
33954596
84551592
42342773
10164582
90477948
61289149
70794326
99965610
1229277
21079369
68343975
28168861
69207262
19270139
17141514
81581142
69540754
81333271
95012306
60678712
77656378
64223788
48965005
68618183
24327391
22026563
31115333
57654884
76794415
24227271
55080186
89659807
16957496
51956012
28357400
33643528
47474733
22193578
29682721
14639268
78314637
95756157
48517864
94336544
43346748
22846325
62875800
95427756
59022882
82521879
27397165
73225808
27720929
57545306
19180672
60455867
9149325
15987424
93546859
35336512
53456207
70463909
29124312
75427685
52339392
28050462
28073932
75576616
72453463
93169861
57360308
12368808
8294101
330988
76354971
24374374
91938369
21495541
36859278
65923780
76873706
16300052
52620919
50100200
90540793
49194859
27532478
46022685
74641682
49060247
3998271
79324613
35869391
46209211
56274762
48134309
5526880
55475164
2047698
44797995
13300844
63110046
15531930
68419664
53686467
27956883
86435414
10224844
94551329
60170008
77583093
49523936
44241578
69963652
29579877
78737683
16570573
37616957
18131040
3880108
85059428
90587959
41356010
13438777
68269711
23237141
42510174
64645866
50798946
1033785
47556967
62480003
75577794
22288359
85756779
96997661
92399711
98143473
69384834
19143515
13677077
42269341
29468092
85613744
463457
85137094
20112512
17262623
86122192
38590463
20569248
98500027
82494148
73782757
60279633
94529695
9140198
70909090
15836269
66484811
31323944
40417686
31213289
6292586
16846206
50292752
57040383
16913649
26985746
62085962
92308602
52592676
74426144
32618093
32748328
87988723
14308884
65898727
2522550
91796626
39860804
29298574
72926397
69583182
89203088
60471568
72439359
13415037
51560241
85407352
20244589
23525131
99578573
14432961
13999809
18617153
11724852
31931501
70972289
11227496
3790650
14098080
5088956
36920288
69338653
55664363
16963589
23724898
56308884
53752494
26908597
66866719
91682645
55873981
85420877
50685859
23453884
45376910
89051501
98477223
68861504
30839485
53582937
87585976
28953497
87855483
15631029
38510794
28547815
60786662
44027095
59001030
4494587
5971073
39038935
26216734
75939558
84056543
99639603
57171820
22754164
19688761
21088982
34911052
48508055
76875907
7440252
12553672
52966794
63442283
16961817
55072074
75251044
15424896
44403563
72529240
86819489
68140071
4031125
75755088
99165907
92176076
81395052
7155699
2469206
52719422
1106727
14392811
24561509
3637716
60017508
2931492
86159407
67370474
87840096
83273254
55647857
60781232
8613643
92155376
70678489
31067200
3355238
42787620
72848112
24764348
87682161
80358596
83362868
45081488
79700816
33886585
87075838
17008591
53882358
16541350
84724392
10091293
34870388
28060623
43994435
8069630
20301869
79300290
48240971
16474953
40986368
5067434
93125499
37805520
64188394
25238755
42489224
74717051
79361696
81406090
1984781
52196075
77073215
38698667
26449667
22076721
79307004
55037412
66041468
84614272
31516321
93958865
48975383
59898194
73126829
76584895
93636068
52762551
37888417
31766958
19112189
88096990
50521648
11759234
40393099
25040468
68779149
2500254
87264809
43959759
90087425
79047110
93089
26851009
3367220
54647616
22112737
90573273
70260464
26889325
97194584
84225918
58707203
85167377
55254813
4418798
36362104
10018177
90644207
97892302
88557727
79380637
26317628
97738127
56312414
38398141
28917043
80797512
75048719
33553579
22786519
71274574
22766138
58889790
82853674
95496631
66379556
32197450
37819706
10101882
92517913
76838512
35515222
86434814
84210782
34353960
37633435
91964330
38919416
59944476
54116627
78419372
77794813
33898717
94080674
71214784
33319953
63453536
19677300
23560333
99830063
48157260
41895563
28728294
28668233
78316918
62726721
32279778
19190904
83507051
43441532
34594899
21258112
76609916
83515769
80436243
48170421
22015083
94247696
4978146
62616372
64754868
46316668
56601657
44446600
7675348
91618774
62328391
5572314
23419437
43187904
552358
68993302
33770468
37843848
82440429
26781083
69447932
88146451
17905952
5964254
12839074
50766382
1848723
81027154
71933261
79249470
51442964
71460745
31184795
21671231
88329062
26485931
21131969
65002357
42172168
87492522
27637371
24037747
65721700
75527765
41144205
86220219
35909400
88100603
72082525
14707450
61644870
80008241
11512033
26315630
95847725
38207257
6898505
27824281
38750447
87528658
77463992
98328229
23070252
36718095
3316139
35720716
1443250
89643061
93021745
63341271
1198590
13373761
17706951
661865
98812019
35609316
37525631
60275303
33285605
22683274
3662842
19463905
81778918
90245184
40888012
46600953
15452542
84012867
2716166
56449128
40529966
43620271
63383211
42323677
23215390
76295720
4570104
100650
52767494
82084225
2029776
74921185
39310572
71935482
7460786
80380385
39824257
8337867
23399311
83783602
10299495
69990795
23775700
83876443
67314862
89855225
94698435
43283408
98209746
65840035
20583869
18972242
1834347
91878268
77046565
82827335
44646510
10089281
9419862
3267379
91373353
23032328
81025640
7552928
76298933
10386944
29158723
1597783
50099225
80689515
32567620
11754036
25491147
58747114
22085293
63617139
91830879
61961219
90884418
55137440
4852649
32807334
19257458
47480365
9102414
16978924
66615791
9592499
97395990
1705745
14950535
99077490
5414049
81255015
43156829
90077828
31013610
69985549
82699587
8953240
26095815
31650142
54023038
90651481
84509998
45717475
47411276
12502476
96315715
44837750
80793554
27103955
65468595
99478858
52351025
2675378
73162903
75385286
8601443
64802177
98982442
87705899
32272147
56756469
63539274
29059276
42590824
14407433
74321566
66063463
94473927
10401605
30383216
38343616
79248272
51486374
22857177
82600711
3061836
85170714
35566784
72177203
70145618
92390341
37716048
37514474
23656322
34466400
89659994
50911950
25341999
20624063
95135704
88239827
18876494
50727152
36076614
22205647
84064033
97352943
74213032
76082893
84718397
14060631
24747093
30309724
92219403
86426163
65145390
84657334
20925229
9561430
96429138
5119731
83841419
50930387
6546730
35802899
57293749
98633059
16729406
47715220
81470668
35775782
88297382
23032388
75361664
3598273
89415637
98716140
93831876
86664549
82152130
23192595
97256993
58846030
17878761
56468161
37045048
67039038
64953407
84844787
32683632
57008920
79684741
15948423
87600861
54642534
93526427
99489144
10451832
35941025
58847479
38068257
77288941
58450246
39765777
32712763
99868847
14170893
6209899
40838615
72642095
73891717
13838735
51726913
68801349
12609214
65980599
6198635
39043525
24664885
68323426
4114420
80205314
72556258
24992660
4489250
87822784
20812440
92478188
7303595
88632816
26483495
88540185
24253061
39410206
51302322
58975995
79730865
68859582
34528088
69314835
23461661
34603151
54445738
28898449
19578519
81386691
43052249
83342221
15689611
42061159
93851532
75549233
27985651
91962949
75770647
13069496
64893524
97884271
67295158
26928478
75466871
51282567
41947781
31180465
13620122
57143456
3860136
61956266
34712925
96678719
32314008
68099220
68127285
44079823
48290744
10803347
95591957
36879040
66228248
23189192
26436536
54290675
92040638
78042559
13249554
13223002
77186159
54671929
30367870
31654474
2751857
24024630
49365097
23339313
43831854
38091592
36229154
62402098
96967917
3318148
85195327
10335033
51995997
27131382
68078758
16439107
97681449
14854547
66544150
19210748
80327
34566336
50581071
61106008
1290235
10311767
48145603
45389900
98461804
57756894
43159945
68874795
50759246
96560291
5664720
54650388
58415079
42922523
38783223
14089733
80988331
49092020
28305915
3981567
56735098
44945971
5219483
13322537
30970275
83349950
34079897
94977495
61207318
74732984
37776661
79940432
58019806
4602246
32057242
58186452
53044557
50730139
28170422
38502134
2096897
94675511
74364050
23677206
15379731
60049450
7629528
39189169
48688006
93813583
16316889
45657703
13798477
90656876
31713741
62353184
27649031
45959003
532906
9700767
69950044
74888560
62873984
94329297
29766391
22798858
69065982
915589
85332759
45736749
90526324
26239680
74715612
40103958
20721614
20465646
19349195
73766059
60875889
66995625
45473230
31430375
40529330
43931374
55348510
6830272
22421607
21921539
92374022
73687209
17676983
76886512
57895454
61374830
85721910
11651999
91720772
17752462
29431740
11171911
77660260
36579904
29772371
71790055
97987933
3146358
77295250
70752159
87442318
4026217
51209563
77672713
21933227
57229763
13993071
95547922
24091666
14895340
68305956
85272601
21528626
13449761
32260988
41360094
20965689
62101697
47250100
10486379
73244205
62727776
57480156
70391159
16432705
47852259
90266510
15550849
69583843
44003498
44302898
31526885
60168043
50991055
92155692
70786277
1777488
36030254
84510858
21578448
77889460
27230956
20869346
48907342
99526387
40131088
40761113
73305106
371648
37160912
24762162
63386310
10158931
28848438
10660635
27239050
88660718
30353748
89230608
44210717
13338316
89770604
54809662
36584983
73368773
20926379
24478805
75971521
14749470
16415592
2494643
61502354
78254331
43892872
35190929
18575427
91251409
78953758
48008858
95046355
43423919
24779348
39591878
11132474
33414506
71098750
81430676
15099854
40911519
73017838
33307550
41303822
56776841
87588212
71067240
77424298
61617153
89367849
62900604
99508755
2733572
62476790
20474349
21412709
98508700
23995735
41749987
81464636
17745792
6829566
65092230
15197157
26257691
12538853
88271264
94953927
46799375
33732343
98569144
35515511
72587146
98036363
66589418
11739747
11037618
11326508
81201289
5723395
97560113
50343013
686246
10973142
80544718
59369138
55195707
65117394
9949710
98295133
44153598
97739761
74303851
45872996
17603092
31970360
18496376
11713236
4404124
39397364
83713221
16287539
31059890
97607759
79804041
93518880
9753163
94905057
60079008
88916061
85274068
97889316
43925193
85543838
7453071
90421397
66601131
29423908
81572046
80123766
24262872
39574767
68633960
25458979
54287566
55934486
37221551
45410930
39497232
10964955
32940104
77364850
94739282
27765875
52199813
79637070
89207448
69811332
95149314
81184563
41023546
3984436
41318546
96676897
59217221
31501560
21562427
31006245
43414148
46222769
40200943
82528784
97854481
81422453
1457701
74385618
95890179
34547058
99381740
5856020
62437509
85774476
56066151
64673607
24058136
52844740
77864721
72401968
26372251
54914792
95841891
22843563
84915236
99941146
15055536
37868415
6919593
79472558
12273348
79418016
18219256
16886498
95422528
80753887
50567344
72907125
11532052
2282584
16500853
51941479
70544791
44027675
12964746
81233103
80130747
27642133
73633938
75204231
6584139
38280032
9198125
35812690
97019500
49181172
26365267
52681064
54461791
2534062
73599413
60545633
62727787
52460214
91417632
24908752
3516726
21701390
77749175
1708886
69648613
4526737
24959597
87246084
33892126
27570413
59845188
21236228
9396960
43764791
41427114
25141226
12790367
84746103
87310640
94015281
88859585
93083225
98599559
59698073
35192602
57171275
16284315
87244005
80937704
74357146
26622459
92581997
35412900
81620791
22455895
96468720
60490184
23218841
28484805
75013325
77861151
40594839
4873755
40889148
12055277
71505294
88644963
33037797
70959973
76870670
31927031
70128064
22618336
42554572
56405065
61074411
23204679
81651868
55965608
95032546
25542760
74120397
38308411
17648781
18800920
16713299
19500431
40814753
52506291
58160895
89187086
82377629
27365526
13322889
34751021
7140003
95862435
80671857
89883697
98343077
98609351
32721629
75391921
27757127
49036623
17501819
48276931
68473972
72621892
65644996
77193306
38011780
92326132
76062382
53745241
42789736
55716703
39494346
17485287
59768463
99599259
56113461
39107887
26403323
12139355
63283972
77879540
4280553
72624023
74995651
71556364
45235952
57929576
80768085
16251872
24352772
51000172
65141479
37386588
20898670
38395010
98792308
39509288
92540639
53343280
54782613
92238212
35002709
56968971
49864438
38261722
27810662
38152421
15953660
33222131
57234138
62198878
90736092
97497568
67258446
28484137
10144460
23469801
36528849
51855293
19328363
81787163
36418307
72197150
27482772
44035491
12540223
31020088
97141063
24654603
64435103
37333040
52904787
68008882
44499496
68908147
17372922
6653689
35329360
22659578
39331754
55449119
15015938
39019711
5045593
77607485
76391200
39450240
97030424
174835
31877984
17238954
33922183
62982967
66513097
40911150
95796729
49838287
43665754
87646206
67021033
89146672
77162435
19521334
47951759
53620249
1103630
29049318
74301905
51592523
73689035
79219821
90360983
80471042
23318757
47086528
14268354
6706309
29214494
47281173
1873263
52859271
82356542
44660243
12159673
87957379
76511585
15472583
53489888
1456155
83728016
34437011
58549512
3160300
447979
33544766
61971160
34431568
4104606
22548419
32582629
13203034
41215462
34469502
95410583
51649255
95170970
224548
46369735
74255314
74242704
85683490
84790074
57917777
4874360
97678677
84131520
15243464
80954581
38314402
99302928
53516555
2618908
58617067
68311910
33097499
7166526
81244672
54944064
28846293
51889564
75432977
34922689
77355984
36876712
39232060
94757864
72590014
85247836
12729052
99154819
56187653
54416442
70748652
77033026
85395232
28059623
34146673
38139954
65514712
8760777
16849059
34174457
82503008
7030173
52230871
74527555
62402358
33417086
23252011
66843443
70412601
3825090
43204241
88785647
33810578
52363555
94433503
69481146
92133869
40897645
14293524
65497576
37967725
65409934
87844912
65703616
53847643
90955083
46365130
15614456
5036490
70189162
45702904
82703338
76747432
25144785
79648247
1465532
41416384
53999214
1900099
20888998
97110154
6164749
31496930
8789445
74128094
71038107
8077271
32698888
6722360
37422619
81755599
18499763
5873886
79801789
18804574
52221653
2331904
73343955
35304138
67505165
56119613
33092687
76267876
41626982
6581710
67572559
55442219
48650550
90658776
18749023
78893322
9476989
37277168
92566861
62864364
73772240
93906767
86336231
56594151
84628609
2812700
99733810
61149555
83536940
23938586
31199635
53538786
43584807
45342080
63773247
72486737
2786261
97597069
16212218
10456445
92662341
82657718
6605414
31159271
14023183
87923295
72495330
4403729
43833782
75590543
93741694
86928588
28728471
69231598
91791040
56097232
61373209
99504884
30501066
74322251
6416653
91345187
85517623
1535105
86578498
17193361
80953475
55354958
57898483
74247099
29230985
13026174
19045974
76103566
44388880
31713697
59156685
40289137
46908365
7659861
43400348
85777561
88348962
19879403
33601710
47456147
42524602
67761962
29575055
20037908
7854666
84196261
79076131
70655108
89605598
14452521
92588478
64236041
55116583
97996613
33275649
36275774
2441922
13163633
1083305
9909167
27624783
81673092
44525145
11801874
98074324
83812901
38432792
35036320
112882
55497670
97570910
21666812
2769243
49022847
58190951
57212262
22433583
40310995
36780884
63028648
12464888
15134757
18019114
30814589
69674907
45757944
32129259
33201824
63548854
64787020
17725725
79785500
51104267
75119782
47828760
57960531
77115844
90524180
76170752
75859515
21052691
77856881
22901807
70173811
4605724
42928139
81175699
68415142
73805063
91917035
2560901
23541602
62638961
35175203
24103314
35918014
45820940
56405333
47333770
46522375
86990802
86525759
63011147
95462019
5614439
64044663
99234727
75689490
81211173
85329159
24355733
43486650
97047487
25745829
31438522
8850237
74264418
35240188
82322290
43851642
78267330
44207196
80439500
57374625
28417144
42817625
80400857
101110
45808062
81877570
5470814
73181065
55371912
62755454
13337600
46483090
20160095
44804210
77457937
23345120
78276854
84354113
93690374
82176035
99893660
77779903
15892122
38273474
11782417
71239685
30364856
49051174
67938509
16007866
49205021
91361876
38694820
96644370
33237994
29919021
80811647
56636971
70660939
16868573
51748219
93243398
77154031
66351086
48867327
22773017
53918306
413389
22139083
89416257
24998414
78205559
13911493
61664657
26789485
88077740
51893723
40371382
45887470
86352229
89804139
40053471
77204454
79847497
5073336
24382731
41139393
53084769
51179843
78203065
46663503
3440990
42506849
90706447
64828247
30926597
38045752
8901368
69811035
36319490
87508942
66941135
50383701
98623082
72984060
95635771
13522048
14053451
7883266
77564760
92305385
39311818
16745484
88861731
8985412
93533412
29103299
63375634
67717302
19541865
47758769
58446830
71706141
72621032
9791069
78983606
62242627
44597918
48548767
78048550
68013880
89946635
20408571
18662221
99738341
52986314
3195656
68388334
42468083
10681745
5581437
58637947
77628048
99695391
17162561
5985451
25631280
67324222
94780757
374083
64658568
4389381
90434295
71406199
92167930
88306280
31268726
79956048
30327985
24299440
24186733
46013787
75010604
66455140
31274291
73460088
94517091
70953360
74382676
16336859
49831063
80621331
41976351
44576760
86151004
65640611
85020292
30752920
29868862
50242317
52375436
87533388
49975626
37467320
44647666
41888485
40782841
23277646
40381398
14692853
50839382
4471108
77512221
99167346
68670579
44640005
79583432
13470028
48097237
55712547
26470706
72754968
1927724
79585449
172082
90859243
5000262
57516312
55149617
14470909
47420734
44670678
7836691
72534093
92979849
91690953
90728722
58396349
48314427
60568892
18127293
51160342
55585460
65031354
40151785
36834661
18579210
74621866
22889516
22070567
23326774
79147856
15307077
28974920
1830326
98310148
45552636
6578552
63403380
70980202
51712472
23703542
34315564
54137044
35439463
23920090
49857819
52914464
64088652
93846389
63579459
79779939
71410799
55537875
28364032
1224130
39024972
95651022
58183548
16409821
35630240
63012693
54778644
13845704
87493114
83802240
41669875
33835646
4640648
26921008
86245211
46893385
45913849
29607553
5157185
57729754
10893804
24370484
47540554
80794553
98154796
84172355
42627410
81040133
67790975
19591038
61306043
25611161
60062039
37592897
47135639
65621261
4231220
92159253
39992378
3249403
69617135
56514850
72232164
79547084
13972319
68996963
31232810
78541682
86148071
80018813
16302519
85116416
59849633
59138487
12671865
1412433
88915231
1618538
1001262
96305657
25625063
44298521
26840714
19187204
48956479
92686862
1554302
46543888
8230341
87208948
63053709
4986385
95480062
11441728
53449103
87869435
27041860
76766488
56430353
34324240
57372715
53214029
20017974
64013276
16641924
28433012
38146419
14376118
51633034
97335911
24177417
35949419
88101723
22459273
59025331
53671681
20142265
193509
46508261
13651345
88253001
34347147
4859625
11888442
45330200
6295127
96033989
98600903
62245460
99712370
90222469
38727972
35689834
12855952
68848681
30027831
66109285
4749514
26880469
37236807
19861896
57470904
20638643
26984314
70560769
59696286
26623689
34989955
62058273
90764688
30033300
85950433
63701884
24255891
18093869
77152347
33693097
65419471
93821774
30170702
59746809
20094168
70412773
26021962
44740865
33025157
52140573
57961534
42593697
85122719
5349070
79324697
51083442
68582684
43056040
20593674
24826584
63247558
79786706
7692138
36885832
63249088
86365915
12639555
72026000
79265009
10303995
84242185
12498301
50017847
57038882
9904130
53890449
78401631
20912828
75071125
38161347
23012102
9551955
14036248
79806656
92157911
68723267
71289247
50891135
44409667
49777378
44091309
64707497
22233309
75375239
48427538
65106727
57764934
14793555
47875189
19849327
1714322
15225873
14719819
55663733
77970102
69782445
95137363
46573307
56899782
47412310
75719208
20427776
36206037
11729046
58411394
5792140
87220697
73381845
33850396
91977951
99043797
61381254
87362524
22224101
32646324
11404654
25233668
42891517
43604580
45345593
59860028
88013210
63595468
98028868
67134669
39408793
84745739
49494528
66772048
16877023
83993077
64946727
40836993
58633748
26280068
88108806
46958367
949511
86437569
52326095
29140680
84298014
58405054
61067599
65132672
8417648
15439191
38601875
80873909
82653003
69937007
16818200
56047950
7180119
21613830
19063248
13848268
55737169
98941187
16028565
25774643
82770844
26492934
28100617
23188990
34484623
17987495
88230340
28265314
54984604
68480972
2791561
84900319
32609187
15218519
8632239
10520333
31863733
47972236
4730515
15412255
25504743
44379953
32105393
34172569
27165138
58969455
22663787
9552248
21304894
76046306
79691268
47849302
81831786
10466791
1259693
65796497
3102800
75046227
84101827
79332724
5819833
13773106
99045055
39276538
8929011
32596755
81116541
81359748
93546201
14230117
17799684
80492241
20719834
36316480
60188882
26427709
70034314
120704
43014736
76528594
72513016
82293033
34363773
21959248
5196871
80172943
46030315
78478039
81651846
77538187
26001309
45503006
87603422
98567760
60286573
70824924
98720869
79619305
68508737
83307139
60478199
98564957
92210275
88484582
65117240
69256676
90008996
35822755
32414526
15219232
14080231
11662658
40297406
88431018
99157071
23896799
57446188
93391306
90320136
24383372
5765772
4042928
19203485
92205257
31367873
80102004
97030561
37633780
91107137
6662299
38462299
43611099
95505432
7147156
8574258
24908856
47517345
39476478
8627859
53225007
79011516
643891
6708465
65530097
99115314
13009509
96142662
21955880
99168205
31988562
92733487
55082105
48680181
45165161
52033148
59873176
26563955
55846282
20013106
86665061
54324686
60187246
68541988
43359564
37571944
87540985
16465893
13853141
67946282
1438416
71029030
11762900
1257058
41578567
35091290
83801472
93416302
88076979
99066075
82747122
29227707
5007181
5187217
53759538
16916982
3930687
74084490
41821818
42631866
70553470
60578284
23179999
41269853
96013202
15497129
51969454
19100201
1867766
2969564
40572234
44355349
49179485
66174384
51851487
82845023
86005234
63518909
81514847
10515737
2289922
38326974
72813367
66721074
41020116
96810998
16498790
67995250
46741220
19870414
71689117
4110823
5952282
21783007
45701975
31132705
78425265
99719903
62560419
14061391
65841740
32714945
22690840
77897674
6365148
82722212
49337043
853415
40056391
43669288
29342225
90585654
11341062
32548177
51760756
26955332
52784253
30255426
50810988
47142387
50535767
37071708
83090530
84663522
65753049
10915515
75278304
36104267
74121843
15827204
72170086
99425222
64397788
94995262
94579334
84496799
4712040
74407251
8773840
57872979
69204143
31157521
17682406
72404117
39239462
71758452
39430296
48248232
20733737
17706834
60225113
53846267
47417182
41043084
71925113
73038347
9999709
81806397
77970194
73733790
24133525
46996684
46115048
92190972
15918820
88772671
55748175
33856484
43938555
55970129
24030998
37725030
82996911
12858777
10526511
25859208
24067333
87810677
98362873
89521479
90139366
724681
25529958
49688315
80462801
97387186
91261906
43066634
31726092
96067027
87786803
89729293
65051124
73253048
57940449
23276988
15363346
71718859
57059634
4423219
25594071
80541839
5821403
33532128
48781030
53030699
30300370
11864078
81707196
1680642
80677514
15785555
53604470
43162934
35183534
27146107
25399874
81660640
3627486
34820827
83839116
6112025
27940968
29418342
17597871
50427791
65958909
88912986
91256575
5249352
68563713
38939304
66049733
93282234
82164924
40741594
38482335
92430258
39186311
38633866
60440160
66630057
57031629
81015713
3798168
90349940
73406834
42131836
6622819
24407707
42929605
62667965
33534031
87773350
78147089
26069121
79549826
9232912
46194201
65775105
77683994
13362353
42333236
5473867
89109109
26340763
64792043
39225608
78693865
17795462
69153128
53375408
12139119
64761603
47004183
38667514
27695372
92870018
23938324
71806907
91311533
37443085
90568715
94639246
46072863
1758760
53450474
38957019
89299541
9083035
95624705
81993093
53396277
43686238
47752232
8309605
71586072
18222095
4639995
74848378
16757315
98128019
20962768
49570542
59716398
29558805
87211752
40123212
26253859
44863450
47054824
1021867
76327909
74904767
18653747
67808781
70275555
26437074
96845916
60754027
5642063
32991468
68055455
84057154
93593665
91340156
29203600
8518623
76722533
81635708
91266424
82260180
52615575
90879329
37874131
45016486
36112574
66440331
90313311
47133547
9677519
64022422
14972089
89778845
82160094
7169526
32374339
18193433
51951297
31393936
63749594
97866594
54824249
80601032
9912448
41006913
22188681
3683955
71995985
9260970
95963165
40615974
31372928
87978844
56309877
60966632
43973900
24239360
39156534
55933475
21904629
54386165
92750100
50519534
440102
30436084
58191304
93718669
83201704
73791035
75343887
76900184
28721956
44885837
4066009
96580626
64764017
63454542
74025207
46959347
3670609
83546027
102289
22020428
78586093
38025568
22035189
11678591
88972679
29675618
43814056
66037970
6234639
12416507
40060529
16884445
24889169
86963108
14227235
82639957
80076155
57925200
46963433
26778370
394183
702129
76886241
70675912
87921207
38713451
20922555
95909981
9574184
5305800
78506032
3687777
40732330
540344
82531978
63523480
92087243
57674192
24496764
9920499
34383784
83444186
20555496
5759286
8216868
63860808
74993287
66257855
75659667
79633534
20955810
86481238
81048811
86819901
49648394
77375309
21220808
92118470
70758941
58122395
42447981
15234337
63865689
91500119
75145716
87905312
34259875
80060318
73854576
40467677
96098738
98018968
78906871
1039335
3924826
59978429
67853460
23898782
91941062
6345346
33060196
37491173
83978624
91407682
40973691
62816158
40052510
60318607
49793960
38005328
491380
18062814
21179197
82640626
38614141
67239812
691443
56435415
56980383
16610900
82658619
94417880
6681580
84387997
50824970
63044149
83756121
46490853
92486245
70622327
58154663
8559780
50266380
73979206
2381201
69296012
62082167
40091452
59548886
8556156
30222637
68560507
52679271
10151190
36210624
29761815
25248158
12511216
11929515
64118446
90675853
97422757
48344406
89283083
27994979
86387241
85695743
41269456
78145470
71313409
44616084
6623430
15450313
56375580
88818346
31911481
59469060
9318236
99022976
10001294
55431704
8866727
13856907
81426642
83734501
98703322
55699187
32215876
68607341
77800322
41422464
48343105
76237931
60995148
79567723
45025061
46409767
35152056
71195766
37512702
45219348
13964584
21985269
24131819
89799156
30277582
5341424
42302347
94220780
14962408
8293548
64465352
85055262
31423815
71625482
64216839
58277572
65249123
96993385
70833468
23359438
6619874
92929899
76875310
93121533
43217450
20512141
47704804
45919715
77644847
61952622
7551598
38565110
94247464
44323870
83418018
69419720
71305279
50984548
50096243
63669139
38575675
50866292
47636951
7423240
25568562
94736175
72123884
88522108
64831050
5042842
8847069
29858940
294737
42516873
31745416
69215371
70948278
14963543
53445865
87769481
74415337
70374915
74396695
15653678
63617980
97815595
76449077
49023247
11979869
66648935
81226474
52861743
64984455
85209409
53164522
53028067
38678754
10082021
64519379
37687321
56488395
48267897
49872799
41110922
36411807
93884724
31475088
78277408
35377087
24717217
15649476
3772035
50519550
79429635
55574615
3657041
67640619
3448104
55664535
72971494
27169728
27613125
41451183
54084605
62554284
63165736
24708892
92769145
34367086
83548393
26152101
57144221
17209295
12197753
40604443
71730319
55936676
5045720
11711301
44719962
71088697
63356430
99829234
38377279
1228702
30623364
66405251
75068098
12456200
98832134
76627346
1720296
9128609
24935262
29001457
4781804
87498764
14030702
91092320
315093
46342314
77571440
85874071
10403384
31890819
2891880
89810689
62101161
97156784
26048002
93393854
84417919
28470658
61768268
96744033
17597488
78801101
66683689
46951638
10853123
29379279
44682723
1005922
56474868
9174294
14717921
57433555
12778841
30442506
19116288
21469177
50527765
17815655
27002978
18826465
36779195
57468119
17588085
18428890
34653390
50457739
55833358
16755552
97082267
19630722
75458505
12791014
30892721
80232912
59287756
14507162
23056689
97337397
96407779
35294528
48132076
40030057
6434706
90261345
24430852
12705459
24937786
15554461
36755969
7800267
12814458
18002379
80625205
19146882
71610980
56770621
62873595
79572870
31755795
80750760
47930117
39858881
51054029
69102506
38531732
90466554
6646910
32733310
94091130
91198807
72313205
3888395
1298411
46517808
44379441
79828273
8595289
39726743
66332146
11717689
76407950
2177513
6405677
77460726
56588825
36205831
17741933
61223731
40565994
36181937
51277529
36757195
20995940
91370730
68995360
25773597
44450717
46146898
97388695
91985451
89484806
4840308
79344621
18657946
88311611
83155875
6681863
67075110
49623820
90954799
34642277
15739901
277367
12319043
81433030
41342925
19828326
6854819
55157909
51600681
34602968
83439779
50370977
14839557
3882297
80179513
7414441
65193128
85954769
60010638
17691011
8313577
23423085
7320998
22972282
69942263
78289719
11915832
9794187
45533889
26888315
43081224
7798256
57944405
24849450
98244187
63011136
95217565
95524369
31740257
27780289
37440833
7548545
5508128
77682202
10056322
44715617
75373145
30278578
42159563
37927629
31958657
20633651
49813029
76609890
44179649
73698813
29913234
72857093
49516118
66529270
46664775
55714093
38863779
92205370
35177130
89091488
29693606
17857643
61981077
67632743
44193928
82064440
34004011
57971324
21054801
88524242
85000744
45835052
97375303
55082889
64973233
13052175
86985733
39230545
24537294
58467574
69948204
58075679
84686774
39478920
97540119
49610550
76464915
22191948
40036349
56314933
55522153
47767939
37682462
57045257
42777412
42057191
20550069
21391480
99065316
68826530
20744930
46689939
24296077
11422185
27959383
81694060
82503149
20784577
68752741
21930469
2456769
89209557
2347726
12080604
55647993
59221149
13293988
72201036
62271375
43244343
27378620
51012730
5438134
33046796
27601313
94946953
98748768
96542747
29993133
79492981
91451530
6722170
4041478
84590498
98901964
19935378
61104715
84617838
31026968
31473625
73376416
99509405
48566973
53756862
25460314
52537242
66919623
54441703
87722902
6247908
23189663
71728525
95514447
93751180
69399595
26122668
77934723
41627550
81037105
51853397
61912508
5606818
1429185
66698014
72219201
12478952
34075902
3029558
3961879
52212198
38266308
99462782
44916781
78247200
48328477
22364574
29233842
37382109
59851719
14194443
58841961
16855713
32742244
14687814
41614598
84879243
97945423
79753426
57892143
27693504
45644141
94691332
48813001
23251091
43031660
80802939
48591240
17393791
58566885
71205414
58363253
15629736
61519875
35855770
61158434
34274436
56403189
14145284
15639400
76162640
90736310
41472537
5177740
67437913
21613400
67119769
15060480
82338229
78595356
62173088
88176992
79833612
14134103
54110980
90298262
26148215
27875728
38595827
5574063
60729287
67428316
50748189
14667504
95066886
28629511
54823903
82190152
71036670
96530317
60155020
50274606
32450122
95035682
56789634
42275103
20224380
88222321
17670012
17588462
98938011
70909025
44733594
29094339
44799071
94961994
86496184
17227679
60493457
78558569
35447572
74145123
2789620
66625853
74455367
40388406
11713006
6627161
60695214
93272120
44709852
42452256
10301434
80054766
93563163
22522316
29667749
17966835
20500018
80596050
12441591
44783189
84480914
71031060
72131706
67473418
57837226
27560761
23197500
14904548
46321235
39644558
68159422
34375013
2719461
1530499
90921112
32384154
34201188
29770593
74410643
84327827
52693352
38892909
17005774
81006706
55490821
82026231
95989761
53641226
37543139
20268503
83712383
30868774
65639353
83840510
60102071
15703024
84912217
33840474
60744515
94583820
48115674
16758579
14942689
19643183
79797763
51536287
34116541
45727019
74527069
65857976
6835013
71282028
48382802
40764045
10709814
69243186
79502053
71789993
84715672
15127354
63736223
80420685
12549247
46445732
9884566
94498233
43023588
14467699
87638128
55162121
91937496
65408406
83754086
15492207
85279591
5342546
55406178
57943161
6454666
74582201
13059124
96378945
86287668
3081913
31928295
63130167
71264889
4619623
27974439
9326147
13739164
38443975
52741621
43795868
36791622
76634448
95524364
81237676
24904014
50480024
27873190
96943077
78890710
95011587
9935148
41551027
9151874
59517565
86043083
42991887
35177997
17170783
28814306
23234483
56366360
44219021
24631223
23177756
88027231
91786069
51232518
49905014
65075599
38740537
49536919
81626069
78164074
98796259
65834916
18810119
21848944
6219168
50146594
28002988
32518320
1077914
41883283
72508203
6116299
28064221
51158165
71022765
2237629
2492240
41513887
73333754
96739600
75488898
95142210
86395822
42202627
43923737
27286637
25056871
69295058
18373983
89235164
44141967
16422224
32955051
6859215
96624387
84692840
3472251
47753061
46279602
35911574
72134014
11981286
79229387
56569785
21227512
58801852
72043390
82667208
42824459
34558556
61946926
54375796
67418700
71264015
56989692
15214291
25592978
40218582
96443210
33019728
82443953
19727097
41189331
85980269
13098563
59772010
76918396
74776812
2697664
55406981
8062216
86404860
52716452
85279305
93105172
40608685
48070278
41346910
25952771
64199231
67201928
83223456
50199931
8038926
65214441
92401297
77964303
90738431
70743504
39892355
37190191
2646961
42226220
7229489
35632618
44137939
46747644
93531108
92427160
3307430
39691033
71147180
83707691
64177654
93118098
40802174
27008060
99467343
84549882
79330452
59340567
31215560
97210552
65112178
83047276
50542106
88675092
74771575
27652448
24030217
51635780
90909128
6646593
97421313
21979078
14657970
22367166
19396810
10305459
85650657
52582786
15328136
44079326
84989380
65108355
14415809
42946592
23366584
47657030
5722918
30666999
47740249
76340592
90208925
23493129
68619204
88362501
59461988
87404574
85320617
44065919
82663102
67684892
3883026
20238491
32232395
62531456
14780078
44344737
44010547
93482817
46783663
92496770
61515153
48789261
94839625
88094054
71326957
40392313
86065758
61185035
40872814
27161046
94855796
83714247
91392562
48190528
14793430
87789680
97481277
73599466
86152947
35692181
16679165
92625045
82197885
13229802
76355741
29758717
23646248
67024824
97182527
67162539
54563686
13727477
96994295
10142461
18349110
86086514
38347852
23385500
36775582
88333622
59709998
41934549
61561614
20478265
16133402
92810348
7749236
57725775
47525111
1508484
28964236
4586100
38648100
21609040
58095521
6850283
73154139
57835459
52959386
31833897
36532365
59621805
30305710
67613032
52591925
58590255
9151890
34549986
42464141
22675843
3583659
71925314
86921521
69319827
95685751
4853345
61072525
43210542
70776598
25274046
93363009
56907401
50690719
56489092
62808190
7513836
833914
20839897
57426861
99981007
29569808
66157978
82753720
73342050
27977892
68540939
63100051
2640888
29682818
71285669
90201659
57325693
41942978
11869403
20332139
51063941
28843219
49942814
23456269
95594588
57689864
9852207
72584663
42571799
90363853
10036902
23590130
84330858
75259200
43267808
15529368
86899950
58062889
67080352
4836611
4955373
51402674
50310100
56550865
57549758
75902396
99893640
48849598
52975488
75718023
83481308
77046391
86656034
26581690
2764599
97818133
11062360
83808883
41774899
63734667
45150301
95366062
56146622
46222369
17637519
16741861
76972700
15824977
15132259
9653900
46869547
54506298
90267758
44218586
24959257
37679661
11912907
99986533
59663413
9694032
8329164
88175249
10300497
29016336
10083067
93725298
58350348
89784783
59581114
19527599
38134081
51014758
83604193
76523642
18566643
36847542
10446400
72773189
56367623
78011008
1864321
61388781
57756002
24791252
31722754
85214403
21651263
62387549
31170973
70586466
37612073
63045081
97575323
15551804
36701981
50574720
72213357
90130832
18989860
83605188
58769811
17300690
50623006
98250598
68936716
78634117
36819069
37644242
26364167
79521835
67381196
63342412
44392703
35208703
61510041
97195049
67928333
48510965
56743118
48881775
10954834
97421692
60881112
14706988
18972196
69657278
5328197
71058277
86580435
13634519
19266419
86922007
69630583
7673615
73481620
80903151
43845252
78477668
5071820
37013736
96948542
76366858
21135620
62071454
39611875
87720767
13462154
42260236
13182396
47140573
47922670
20836593
46773229
7497078
32986378
45841163
4582071
53657284
36126778
85758335
29067065
39885358
4916616
45749822
37860622
91797897
13146039
92298823
35781561
15565641
83125291
86108063
47664241
81991160
15149383
69843478
6899010
93867545
63835873
44891380
20667347
5489652
9211432
9307322
93270093
57983790
14956505
5053724
6865211
61457764
78465433
70991064
92748847
14775026
99710100
50156713
51990623
39579022
53895167
26278362
64433007
75421205
17058233
93428817
42892452
30240930
93000189
39054368
76124468
93552676
12005709
89472241
84289229
54347134
67644225
5836200
54290570
60615209
23550157
26198342
10732349
38092047
52815432
74435214
39109555
84876463
40758668
70984105
33507785
73548546
60581351
27788357
55885819
75839086
3441794
89675626
67889219
2890806
81659499
77557438
70487083
39834884
51408834
85375718
97232004
50926231
30512052
31672845
404225
34090571
21001955
93219695
9160782
6786351
82192168
77149497
6530030
91971242
33583172
11250230
10249677
10016501
73337872
68717843
6012738
92655526
38150012
84081476
28616306
17411137
81225292
36266694
80114469
57008906
93853394
8411403
4145659
80448441
34234532
3595566
1316506
9086102
49970678
11713879
64084400
74830901
75353239
35644515
31737383
15963963
50862312
45620392
44766348
6836426
87296135
54688630
93424893
59561129
7267573
40429792
63705685
40438010
62870764
99830281
21377541
95442676
4789176
85287416
59653066
71527091
94631950
80139687
28121294
84007371
73308864
57041976
92105626
79587024
95822325
39029086
69897277
99075491
2588923
66381109
35531113
79498295
17477083
78399688
51415481
67181354
90775382
88811103
66103705
18320839
52101433
21301843
20429251
21093200
65737868
71682701
13009959
79834869
16022741
45224771
55695654
40434985
44948190
9737842
86774465
92958484
62706283
91392515
18311023
18698958
7140043
44698691
67943790
31277648
11558635
72461794
21081812
65212546
68770138
3024013
85794593
82307971
97258487
18642496
80890529
30795062
76284652
7617135
82321757
28685811
33633101
92248943
64915084
7595423
79211211
83577918
61296295
74161043
73138882
79488603
29007782
97367472
98544320
60779750
33215365
42168810
16727764
39871975
98730667
94758087
47492934
14544195
23677288
42857670
38253767
35036776
76962541
75139103
54752624
95817745
73639475
8111406
97717779
29142610
6424344
59349026
23223794
81653180
35596380
95689552
2901381
53757811
14725115
37247800
84547746
47768485
36184961
52138147
1373594
23686792
76469198
79544745
72242672
32144561
27798319
15977520